DateString,Date,Open,High,Low,Close,Volume,isMon,isTue,isWed,isThru,isFri,isSat,isSun
1425513600000,12.30,12.67,12.23,12.37,34957200,0,0,1,0,0,0,0
1425427200000,12.35,12.40,12.16,12.35,29724400,0,1,0,0,0,0,0
1425340800000,12.12,12.77,12.03,12.30,63218400,1,0,0,0,0,0,0
1425254400000,12.01,12.28,11.89,12.18,50480300,0,0,0,0,0,0,1
1424995200000,11.47,11.96,11.41,11.93,35032000,0,0,0,1,0,0,0
1424908800000,11.23,11.55,11.20,11.47,15557100,0,0,1,0,0,0,0
1424822400000,11.50,11.60,11.26,11.30,17317400,0,1,0,0,0,0,0
1424131200000,11.40,11.67,11.40,11.56,22074700,1,0,0,0,0,0,0
1424044800000,11.22,11.43,11.19,11.43,17126700,0,0,0,0,0,0,1
1423785600000,11.29,11.41,11.19,11.22,17801300,0,0,0,1,0,0,0
1423699200000,10.99,11.40,10.93,11.18,20620700,0,0,1,0,0,0,0
1423612800000,10.86,11.04,10.82,10.92,12816800,0,1,0,0,0,0,0
1423526400000,10.50,10.89,10.50,10.88,15138200,1,0,0,0,0,0,0
1423440000000,10.47,10.66,10.38,10.53,11513400,0,0,0,0,0,0,1
1423180800000,10.76,10.87,10.31,10.43,17970000,0,0,0,1,0,0,0
1423094400000,11.22,11.25,10.82,10.83,17240000,0,0,1,0,0,0,0
1423008000000,11.20,11.24,10.88,11.00,20484100,0,1,0,0,0,0,0
1422921600000,11.11,11.23,10.91,11.20,19513300,1,0,0,0,0,0,0
1422835200000,10.83,11.24,10.81,10.95,16851900,0,0,0,0,0,0,1
1422576000000,11.53,11.66,11.13,11.14,23507400,0,0,0,1,0,0,0
1422489600000,11.48,11.62,11.38,11.51,20356000,0,0,1,0,0,0,0
1422403200000,11.76,11.99,11.65,11.69,26981000,0,1,0,0,0,0,0
1422316800000,11.96,11.96,11.55,11.78,36989400,1,0,0,0,0,0,0
1422230400000,11.31,12.10,11.27,11.94,50861200,0,0,0,0,0,0,1
1421971200000,11.30,11.46,11.10,11.31,34973800,0,0,0,1,0,0,0
1421884800000,10.80,11.52,10.80,11.26,45255300,0,0,1,0,0,0,0
1421798400000,10.33,10.88,10.33,10.79,32074000,0,1,0,0,0,0,0
1421712000000,10.00,10.37,10.00,10.28,32011600,1,0,0,0,0,0,0
1421625600000,10.18,10.52,10.05,10.05,47765800,0,0,0,0,0,0,1
1421366400000,11.32,11.33,10.90,11.17,35139700,0,0,0,1,0,0,0
1421280000000,11.15,11.36,11.10,11.35,21899300,0,0,1,0,0,0,0
1421193600000,11.17,11.31,11.04,11.15,18121200,0,1,0,0,0,0,0
1421107200000,11.15,11.31,11.05,11.17,16797900,1,0,0,0,0,0,0
1421020800000,11.66,11.73,11.00,11.10,37378200,0,0,0,0,0,0,1
1420761600000,11.95,12.22,11.59,11.66,38411200,0,0,0,1,0,0,0
1420675200000,12.53,12.61,12.01,12.07,49326900,0,0,1,0,0,0,0
1420588800000,12.00,12.68,11.90,12.65,75419800,0,1,0,0,0,0,0
1420502400000,11.76,12.33,11.70,12.05,40356200,1,0,0,0,0,0,0
1420416000000,11.74,12.17,11.63,12.00,46777500,0,0,0,0,0,0,1
