05/03/2015 12.30 12.67 12.23 12.37 34957200
04/03/2015 12.35 12.40 12.16 12.35 29724400
03/03/2015 12.12 12.77 12.03 12.30 63218400
02/03/2015 12.01 12.28 11.89 12.18 50480300
27/02/2015 11.47 11.96 11.41 11.93 35032000
26/02/2015 11.23 11.55 11.20 11.47 15557100
25/02/2015 11.50 11.60 11.26 11.30 17317400
17/02/2015 11.40 11.67 11.40 11.56 22074700
16/02/2015 11.22 11.43 11.19 11.43 17126700
13/02/2015 11.29 11.41 11.19 11.22 17801300
12/02/2015 10.99 11.40 10.93 11.18 20620700
11/02/2015 10.86 11.04 10.82 10.92 12816800
10/02/2015 10.50 10.89 10.50 10.88 15138200
09/02/2015 10.47 10.66 10.38 10.53 11513400
06/02/2015 10.76 10.87 10.31 10.43 17970000
05/02/2015 11.22 11.25 10.82 10.83 17240000
04/02/2015 11.20 11.24 10.88 11.00 20484100
03/02/2015 11.11 11.23 10.91 11.20 19513300
02/02/2015 10.83 11.24 10.81 10.95 16851900
30/01/2015 11.53 11.66 11.13 11.14 23507400
29/01/2015 11.48 11.62 11.38 11.51 20356000
28/01/2015 11.76 11.99 11.65 11.69 26981000
27/01/2015 11.96 11.96 11.55 11.78 36989400
26/01/2015 11.31 12.10 11.27 11.94 50861200
23/01/2015 11.30 11.46 11.10 11.31 34973800
22/01/2015 10.80 11.52 10.80 11.26 45255300
21/01/2015 10.33 10.88 10.33 10.79 32074000
20/01/2015 10.00 10.37 10.00 10.28 32011600
19/01/2015 10.18 10.52 10.05 10.05 47765800
16/01/2015 11.32 11.33 10.90 11.17 35139700
15/01/2015 11.15 11.36 11.10 11.35 21899300
14/01/2015 11.17 11.31 11.04 11.15 18121200
13/01/2015 11.15 11.31 11.05 11.17 16797900
12/01/2015 11.66 11.73 11.00 11.10 37378200
09/01/2015 11.95 12.22 11.59 11.66 38411200
08/01/2015 12.53 12.61 12.01 12.07 49326900
07/01/2015 12.00 12.68 11.90 12.65 75419800
06/01/2015 11.76 12.33 11.70 12.05 40356200
05/01/2015 11.74 12.17 11.63 12.00 46777500
